version https://git-lfs.github.com/spec/v1
oid sha256:fd936844e9d4dff64323a8c1974649329876de15eee72099489f4853305b2896
size 9110
